105,2007-02-20 01:35:46,121.472000,31.241300, 16, 90,0
105,2007-02-20 01:36:05,121.472100,31.240300, 16, 90,0
105,2007-02-20 01:36:21,121.470600,31.240000, 44,135,0
105,2007-02-20 01:36:37,121.469000,31.239500, 22,112,0
105,2007-02-20 01:36:53,121.469100,31.238100, 42, 90,0
105,2007-02-20 01:37:09,121.470000,31.236300, 42, 67,0
105,2007-02-20 01:37:25,121.471000,31.234600, 64, 67,0
105,2007-02-20 01:37:41,121.472100,31.232800, 54, 67,0
105,2007-02-20 01:37:57,121.473300,31.231000, 52, 67,0
105,2007-02-20 01:38:13,121.474500,31.229300, 48, 67,0
105,2007-02-20 01:38:29,121.475300,31.228000, 38, 67,0
105,2007-02-20 01:38:47,121.475300,31.227100, 16,135,0
105,2007-02-20 01:39:06,121.475000,31.227000,  8,135,1
105,2007-02-20 01:40:07,121.471600,31.225800, 32,112,1
105,2007-02-20 01:41:08,121.470800,31.225500, 22,112,1
105,2007-02-20 01:42:09,121.467100,31.224000,  0,112,1
105,2007-02-20 01:43:10,121.466800,31.220500, 64, 90,1
105,2007-02-20 01:44:11,121.468300,31.210800, 88, 67,1
105,2007-02-20 01:45:11,121.470000,31.206800,  0, 67,1
105,2007-02-20 01:46:12,121.470000,31.206800,  0, 67,1
105,2007-02-20 01:47:11,121.469800,31.200800,  0,135,0
105,2007-02-20 01:48:11,121.469800,31.200800,  0,135,0
105,2007-02-20 01:49:12,121.468600,31.200500,  0,135,0
105,2007-02-20 01:49:39,121.467600,31.200100, 18,157,0
105,2007-02-20 01:49:55,121.467000,31.201600, 44,157,0
105,2007-02-20 01:50:53,121.467000,31.204000, 38, 45,0
105,2007-02-20 01:51:09,121.469100,31.204500, 56, 45,0
105,2007-02-20 01:51:25,121.470600,31.204500, 32, 67,0
105,2007-02-20 01:51:41,121.471100,31.202800, 42, 90,0
105,2007-02-20 01:51:57,121.471800,31.201000, 48, 90,0
105,2007-02-20 01:52:37,121.471100,31.203000, 48,157,0
105,2007-02-20 01:52:54,121.470500,31.205300, 34,157,0
105,2007-02-20 01:53:10,121.470000,31.206600, 38,  0,0
105,2007-02-20 01:53:26,121.469500,31.208000, 38,  0,0
105,2007-02-20 01:53:57,121.468500,31.210600, 38,  0,0
105,2007-02-20 01:54:26,121.469000,31.210000, 10,157,0
105,2007-02-20 01:55:27,121.469100,31.210100, 10,  0,0
105,2007-02-20 01:55:43,121.468600,31.211100, 40,157,0
105,2007-02-20 01:55:59,121.467500,31.213000, 60,157,0
105,2007-02-20 01:56:15,121.466300,31.214800, 40,157,0
105,2007-02-20 01:56:31,121.466300,31.215600, 18, 45,0
105,2007-02-20 01:57:03,121.469000,31.216000, 20, 45,0
105,2007-02-20 01:57:19,121.470600,31.216300, 28, 45,0
105,2007-02-20 01:57:51,121.470100,31.219100, 48,  0,0
105,2007-02-20 01:58:08,121.470000,31.220100, 16,  0,0
105,2007-02-20 01:59:09,121.469800,31.221000,  0,  0,0
105,2007-02-20 02:00:10,121.469800,31.220800,  0,  0,0
105,2007-02-20 02:01:11,121.469800,31.221000,  0,  0,0
105,2007-02-20 02:03:13,121.469600,31.220500, 10, 90,0
105,2007-02-20 02:03:37,121.469600,31.220600,  6,135,1
105,2007-02-20 02:04:38,121.471100,31.221100,  0, 67,1
105,2007-02-20 02:06:39,121.472000,31.226000, 64, 22,1
105,2007-02-20 02:07:41,121.475000,31.228800, 64,157,1
105,2007-02-20 02:08:42,121.477300,31.232100, 54, 22,1
105,2007-02-20 02:09:42,121.484600,31.232600,  0, 45,1
105,2007-02-20 02:10:43,121.484600,31.232600,  0, 45,1
105,2007-02-20 02:11:45,121.484600,31.232600,  0, 45,1
105,2007-02-20 02:12:46,121.508800,31.240600, 50, 45,1
105,2007-02-20 02:13:47,121.515100,31.242300, 50, 45,1
105,2007-02-20 02:14:48,121.524600,31.242600, 18, 45,1
105,2007-02-20 02:15:49,121.527300,31.243500, 66, 45,1
105,2007-02-20 02:16:49,121.533600,31.245300, 42, 45,1
105,2007-02-20 02:17:51,121.538800,31.244600,  8, 67,1
105,2007-02-20 02:18:49,121.539600,31.243600,  0, 45,0
105,2007-02-20 02:19:04,121.539600,31.243600,  0, 45,0
105,2007-02-20 02:20:49,121.539000,31.244300, 14,157,0
105,2007-02-20 02:21:25,121.538800,31.244600, 10, 22,1
105,2007-02-20 02:22:26,121.543500,31.239600, 26, 67,1
105,2007-02-20 02:23:27,121.545000,31.236800, 24, 90,1
105,2007-02-20 02:24:28,121.541600,31.234300, 32, 67,1
105,2007-02-20 02:25:21,121.541300,31.233800,  0,157,0
105,2007-02-20 02:25:36,121.541300,31.233800,  0,157,0
105,2007-02-20 02:26:37,121.541300,31.233800,  8, 67,0
105,2007-02-20 02:27:12,121.542000,31.233800, 12,  0,0
105,2007-02-20 02:27:28,121.541500,31.234800, 34,157,0
105,2007-02-20 02:28:22,121.539000,31.234500, 28,112,0
105,2007-02-20 02:28:38,121.537600,31.234000, 42,112,0
105,2007-02-20 02:28:54,121.535800,31.233300, 46,112,0
105,2007-02-20 02:29:09,121.534000,31.232300, 52,112,0
105,2007-02-20 02:29:26,121.532000,31.231100, 50,112,0
105,2007-02-20 02:29:42,121.530100,31.230500, 52,135,0
105,2007-02-20 02:29:58,121.528100,31.229800, 46,135,0
105,2007-02-20 02:30:14,121.526500,31.229300, 20,135,0
105,2007-02-20 02:31:14,121.526100,31.229300, 14,135,0
105,2007-02-20 02:31:32,121.525100,31.229500, 36,157,0
105,2007-02-20 02:31:48,121.523800,31.230500, 40,157,0
105,2007-02-20 02:32:04,121.522300,31.231300, 34,157,0
105,2007-02-20 02:33:16,121.522000,31.231300, 32, 45,0
105,2007-02-20 02:33:32,121.523300,31.230600, 10, 67,0
105,2007-02-20 02:33:49,121.524000,31.230000, 36, 67,0
105,2007-02-20 02:34:06,121.525000,31.229300, 10, 67,0
105,2007-02-20 02:34:29,121.524300,31.229800, 28,157,0
105,2007-02-20 02:34:46,121.523300,31.230800, 48,157,0
105,2007-02-20 02:35:02,121.521600,31.231500, 28,135,0
105,2007-02-20 02:36:03,121.521300,31.231600,  0,135,0
105,2007-02-20 02:36:28,121.520300,31.232000, 30,157,0